"Subject" "Activity" "mean(Body_acceleration_mean_X)" "mean(Body_acceleration_mean_Y)" "mean(Body_acceleration_mean_Z)" "mean(Body_acceleration_stdev_X)" "mean(Body_acceleration_stdev_Y)" "mean(Body_acceleration_stdev_Z)" "mean(Body_angularVelocity_mean_X)" "mean(Body_angularVelocity_mean_Y)" "mean(Body_angularVelocity_mean_Z)" "mean(Body_angularVelocity_stdev_X)" "mean(Body_angularVelocity_stdev_Y)" "mean(Body_angularVelocity_stdev_Z)"
1 "LAYING" 0.22159824394 -0.0405139534294 -0.11320355358 -0.9280564692 -0.83682740562 -0.826061401628 -0.016553093978 -0.064486124088 0.14868943626 -0.87354386782 -0.9510904402 -0.9082846626
1 "SITTING" 0.261237565425532 -0.00130828765170213 -0.104544182255319 -0.977229008297872 -0.922618641914894 -0.93958629106383 -0.045350056512766 -0.0919241549361702 0.0629313811914894 -0.977211283191489 -0.966473895319149 -0.941425920851064
1 "STANDING" 0.278917629056604 -0.0161375901037736 -0.110601817735849 -0.995759901509434 -0.973190056415094 -0.979775876981132 -0.0239877347979245 -0.0593972209811321 0.074800751 -0.987191946603774 -0.98773444 -0.980645626981132
1 "WALKING" 0.277330758736842 -0.0173838185273684 -0.111148103547368 -0.283740258842105 0.114461336747368 -0.260027902210526 -0.041830963526 -0.0695300462115789 0.0849448173042105 -0.473535485894737 -0.0546077686594737 -0.344266629473684
1 "WALKING_DOWNSTAIRS" 0.289188320408163 -0.00991850461020408 -0.107566190908163 0.0300353383483878 -0.0319359434489796 -0.230434213204082 -0.0350781902989796 -0.0909371290204082 0.0900850142030612 -0.458030542938775 -0.126349194938775 -0.124702454242857
1 "WALKING_UPSTAIRS" 0.255461689622641 -0.0239531492643396 -0.0973020020943396 -0.35470802509434 -0.00232026501698113 -0.0194792388471698 0.050549379754717 -0.166170015088679 0.0583595463981132 -0.544871104528302 0.00410518379811321 -0.50716867490566
2 "LAYING" 0.281373403958333 -0.0181587397583333 -0.107245610416667 -0.974059464791667 -0.98027739875 -0.984233296875 -0.01847660675 -0.111800824583333 0.144882846104167 -0.988275232916667 -0.982291608958333 -0.960306560416667
2 "SITTING" 0.27708735173913 -0.0156879937282609 -0.109218272456522 -0.986822279565217 -0.950704499130435 -0.95982817173913 -0.0454706620434783 -0.0599286797043478 0.0412277462173913 -0.985742027826087 -0.978919526956522 -0.959803708695652
2 "STANDING" 0.277911472222222 -0.0184208270166667 -0.105908536055556 -0.987271889259259 -0.957304989259259 -0.949741851296296 -0.0238623875712963 -0.0820396577592593 0.0878351695481481 -0.972998629814815 -0.971441996481481 -0.964856701851852
2 "WALKING" 0.276426586440678 -0.0185949199145763 -0.105500357966102 -0.423642838474576 -0.0780912533118644 -0.425257524915254 -0.0530258157347458 -0.0482382316949153 0.0828336633220339 -0.561550255762712 -0.53845366779661 -0.481085535084746
2 "WALKING_DOWNSTAIRS" 0.27761534806383 -0.0226614158361702 -0.116812942382979 0.0463666814446808 0.262881788951064 -0.10283790806383 -0.11594735287234 -0.00482329231914894 0.097173808906383 -0.320789230008511 -0.415739144893617 -0.279418388042553
2 "WALKING_UPSTAIRS" 0.247164790395833 -0.0214121132045833 -0.152513899520833 -0.304376406458333 0.108027279889583 -0.112121021220833 -0.0576912634583333 -0.0320883097395833 0.0688374021666667 -0.439253058958333 -0.466298336666667 -0.163995791679167
3 "LAYING" 0.275516852741935 -0.0189556785048387 -0.101300477506452 -0.982776639193548 -0.962057544516129 -0.96369103483871 -0.0208170540330645 -0.0718507159435484 0.137999561112903 -0.974545752096774 -0.977272653709677 -0.963505609032258
3 "SITTING" 0.257197599134615 -0.00350299841730769 -0.0983579203269231 -0.971010120961538 -0.856617812115385 -0.875110175384615 -0.0385365204807692 -0.07524100275 0.0940113975530769 -0.965434768461538 -0.944854571346154 -0.926413710384615
3 "STANDING" 0.280046513278689 -0.0143376555065574 -0.101621722633148 -0.96674254295082 -0.893449307213115 -0.911419015081967 -0.0246626070770492 -0.0585101918262295 0.0665262054098361 -0.900462227540984 -0.927788618196721 -0.91236408147541
3 "WALKING" 0.275567462068966 -0.0171767844203448 -0.112674859827586 -0.360356726034483 -0.0699140652103448 -0.387411994310345 -0.0256405192517241 -0.0779150937413793 0.0813485942827586 -0.571869560172414 -0.563793260172414 -0.476696411551724
3 "WALKING_DOWNSTAIRS" 0.292423484693878 -0.0193554079328571 -0.116139842908163 -0.0574100475102041 -0.0331503723387755 -0.362240245489796 -0.13157327645102 -0.0139358043959184 0.123826738353061 -0.261653414014286 -0.546740387959184 -0.44230776755102
3 "WALKING_UPSTAIRS" 0.260819873067797 -0.0324109410555932 -0.110064863437288 -0.313123437627119 0.0116280813372881 -0.369754604067797 0.0721980309322034 -0.139275405637288 0.0215603697 -0.456039262525424 -0.582742845932203 -0.492327305084746
4 "LAYING" 0.263559214981481 -0.0150031841055556 -0.110688150314815 -0.954193738888889 -0.941714042407407 -0.962667314814815 -0.00923156347222222 -0.0930128180759259 0.169720404092593 -0.973102422222222 -0.961109291851852 -0.962073755
4 "SITTING" 0.27153827992 -0.007163065158 -0.10587459588 -0.980309931 -0.89022398108 -0.9322030066 -0.04944351156 -0.08943006108 0.10115033478 -0.9701317904 -0.9584681204 -0.9279722294
4 "STANDING" 0.280499745892857 -0.00948911098553571 -0.0961574905535714 -0.97692058 -0.86159737875 -0.896880538392857 -0.0306449342357143 -0.061824850625 0.0755636430892857 -0.909687974464286 -0.949227146964286 -0.909995038571429
4 "WALKING" 0.278582015166667 -0.0148399475341667 -0.11140306485 -0.440829971333333 -0.0788267367683333 -0.586252806833333 -0.0317982557795 -0.0726905278583333 0.0805677161216667 -0.500916659 -0.665394092833333 -0.662608226
4 "WALKING_DOWNSTAIRS" 0.279965329555556 -0.00980200850666667 -0.1067775246 0.0111935496222222 -0.21859832499 -0.479185977111111 -0.102838822533333 -0.0704025952333333 0.05926394948 -0.370244695288889 -0.699453537111111 -0.498480800444444
4 "WALKING_UPSTAIRS" 0.270876696730769 -0.0319804295729615 -0.114219455519231 -0.204933042903846 -0.0666899105180769 -0.372137777692308 0.0393825198942308 -0.0859471683596154 0.0843753843384615 -0.454431043269231 -0.551185569230769 -0.360811047884615
5 "LAYING" 0.278334325576923 -0.0183042123269231 -0.107937603673077 -0.965934509615385 -0.969295613269231 -0.968562516346154 -0.0218935013501923 -0.0798709596153846 0.159894366942308 -0.979498706538461 -0.977427370576923 -0.960583776923077
5 "SITTING" 0.273694139545455 -0.00990083527045455 -0.108540300265909 -0.980945022045455 -0.904335121022727 -0.926094740227273 -0.0422355209795455 -0.0835484079545455 0.0823934451590909 -0.966225485 -0.950064068181818 -0.940637937045455
5 "STANDING" 0.282544390892857 -0.00700418554517857 -0.102171095696429 -0.968591815714286 -0.869439913392857 -0.869327321785714 -0.0322711902673214 -0.050987505 0.0690945763946429 -0.910395222321429 -0.933738104107143 -0.907471555714286
5 "WALKING" 0.27784234625 -0.0172850317482679 -0.107741776464286 -0.294098534232143 0.0767484028053571 -0.45702143625 -0.0488919896632143 -0.0690135249642857 0.0815435495892857 -0.490877497857143 -0.504622029821429 -0.318700615178571
5 "WALKING_DOWNSTAIRS" 0.29354392712766 -0.00850107533191489 -0.100319930659574 0.275046110468085 0.0907630761042553 -0.325891435319149 -0.068294569906383 -0.0707805998787234 0.0806559989574468 -0.46064684487234 -0.409134149148936 -0.227869042382979
5 "WALKING_UPSTAIRS" 0.268459469914894 -0.0325269755153191 -0.107471453914894 -0.0457237779851064 0.185022459476596 -0.308938978787234 0.0395191121489362 -0.117195551802128 0.0424442819489362 -0.443342262340426 -0.440345826382979 -0.26545133312766
6 "LAYING" 0.248656520140351 -0.0102529170561404 -0.133119570368421 -0.934049422052632 -0.924644826385965 -0.925216100350877 -0.0079605026754386 -0.107218315054386 0.179102058245614 -0.955378225087719 -0.943634949473684 -0.939141878596491
6 "SITTING" 0.276778487454545 -0.0145911615290909 -0.110127728709091 -0.980164933636364 -0.923682131090909 -0.925797097090909 -0.0372442282830909 -0.0899083302550909 0.0854346006181818 -0.957367681818182 -0.944130044727273 -0.939681350909091
6 "STANDING" 0.280346248596491 -0.0181236327175439 -0.112172831947368 -0.981758159649123 -0.921493191754386 -0.925692371929825 -0.028251913022807 -0.0589823639438597 0.0767394745964912 -0.947561298596491 -0.94248658631579 -0.947782155964912
6 "WALKING" 0.283658868070175 -0.0168954189082456 -0.110303165877193 -0.296538717368421 0.164213884996491 -0.504324207192982 -0.025509618645614 -0.0744462466 0.0838808799280702 -0.446020952631579 -0.331702267894737 -0.383139334736842
6 "WALKING_DOWNSTAIRS" 0.277045258145833 -0.019536840063125 -0.107209356208333 0.383681639791667 0.360164958768542 -0.320204232520417 -0.0960837437708333 -0.0341782208604167 0.0870012595210417 -0.19830385328125 -0.18922957 -0.0940797929729167
6 "WALKING_UPSTAIRS" 0.268229355098039 -0.0272425385070588 -0.122082438784314 -0.0501350188513725 0.189276117327451 -0.353519514896078 -0.0767406825588235 -0.0518981989072549 0.0664234025976471 -0.321973723647059 -0.315799901607843 -0.18390018167451
7 "LAYING" 0.250176694038462 -0.0204411516884615 -0.101361036576923 -0.93651361 -0.926262668653846 -0.952978365961539 -0.00282641913096154 -0.133605695057692 0.155920029769231 -0.9601268225 -0.945071935384615 -0.955294890576923
7 "SITTING" 0.284674637291667 -0.01461097580375 -0.122464597625 -0.972668374583333 -0.909454698541667 -0.8565329414375 -0.04963797197125 -0.03361196465625 0.0259476655145833 -0.941870953333333 -0.944124336458333 -0.937021208541667
7 "STANDING" 0.282723539433962 -0.0145740341037736 -0.0997778303207547 -0.979307570377358 -0.923400921886792 -0.917064168490566 -0.0291582212545283 -0.0774336443396226 0.0851045000566038 -0.945247687358491 -0.949646946792453 -0.951630777358491
7 "WALKING" 0.275592961754386 -0.018653665345614 -0.110912234947368 -0.327243240701754 -0.0772618561052631 0.159631283261403 0.00228835208526316 -0.0837113724842105 0.0641104602035088 -0.503313517017544 -0.23109830545614 -0.396013535263158
7 "WALKING_DOWNSTAIRS" 0.28030708 -0.0166332372978723 -0.096938308587234 0.0660815600978723 -0.138179072734043 -0.0636402447755319 -0.105409612961702 -0.049717460606383 0.116894769042766 -0.407744096 -0.29262613606383 -0.401051415531915
7 "WALKING_UPSTAIRS" 0.248706923078431 -0.0275639005607843 -0.143769688803922 -0.29487297445098 -0.32616002254902 -0.145665025639216 -0.138778108029412 -0.00247161973 0.139217071509804 -0.363853236862745 -0.572996820784314 -0.348980051411765
8 "LAYING" 0.261254282907407 -0.0212281733881481 -0.102245365611111 -0.94304121537037 -0.93489116 -0.932491454407407 0.00535361206851852 -0.0891374138592593 0.13818830737037 -0.965204017592593 -0.952039385740741 -0.96758975462963
8 "SITTING" 0.267491472934783 -0.00672550621304348 -0.104461049130435 -0.979026152391304 -0.927331997021739 -0.939553030217391 -0.0547396987173913 -0.0955089236521739 0.0716048809782609 -0.984524052826087 -0.97150069673913 -0.959623548478261
8 "STANDING" 0.279620986111111 -0.0148113067148148 -0.106114996837037 -0.988815418148148 -0.938479429074074 -0.926065255185185 -0.0219671978203704 -0.0280117633814815 0.063688907 -0.972990379814815 -0.969421045555556 -0.974118322407407
8 "WALKING" 0.27468631 -0.0186628865310417 -0.107252090833333 -0.173605736002083 0.380782052708333 -0.1420885318125 0.0235088228254167 -0.095791790535 0.0509657915395833 -0.1992097184375 -0.2119972775 -0.0754447842395833
8 "WALKING_DOWNSTAIRS" 0.283484089210526 -0.0211058674973684 -0.107598135394737 0.0241393473736842 0.343826273105263 0.1337170395 -0.121189625973684 -0.0500760173342105 0.114143855152368 -0.258430885531579 0.0243131207736842 -0.129565242710526
8 "WALKING_UPSTAIRS" 0.258880152048781 -0.0282415136341463 -0.11512211995122 -0.171712174634146 0.348768733170732 0.121187278790244 0.19270447595122 -0.204205356087805 -0.0724546025804878 -0.367428367219512 -0.0666980861414634 0.337526477436585
9 "LAYING" 0.2591955368 -0.020526821662 -0.10754972144 -0.94233309 -0.9162927764 -0.9407072854 -0.013632036148 -0.15890291983 0.101275010682 -0.9422465098 -0.9266185314 -0.9615953704
9 "SITTING" 0.24832674354 -0.02701677698 -0.07537846886 -0.9572277914 -0.875141405 -0.83200187268 -0.042328876778 -0.04142711812 0.0807919285908 -0.9590200492 -0.9191882264 -0.9301768338
9 "STANDING" 0.282310057333333 -0.0200454954022222 -0.0952747481333333 -0.975741252444444 -0.938635759333333 -0.919295805777778 -0.029183136346 -0.060810158296 0.0992409332222222 -0.921990612 -0.946046640444444 -0.939889737333333
9 "WALKING" 0.278502842115385 -0.0180891971284423 -0.110820512307692 -0.238353562692308 -0.201696960826923 -0.0579636469030769 -0.0808360598653846 -0.0625598710615385 0.111629779896154 -0.476163506730769 -0.467054167884615 -0.265683521346154
9 "WALKING_DOWNSTAIRS" 0.295923445 -0.0203994269075476 -0.0910278793952381 0.213392270547619 -0.208310705504762 -0.00771530035714285 -0.0916383011071429 -0.0712598843142857 0.116804400690476 -0.396429197952381 -0.340765233142857 -0.279685150191905
9 "WALKING_UPSTAIRS" 0.262436475714286 -0.0195101099975714 -0.125219003959184 -0.36144437755102 -0.302206203816327 -0.253434083542857 -0.16396719 -0.0412587909579592 0.14569462592449 -0.343976630734694 -0.400859067959184 -0.138176481058776
10 "LAYING" 0.280230574137931 -0.024294484137931 -0.117168642362069 -0.968283685 -0.946454302068966 -0.95947148637931 -0.019555937162069 -0.0770325657265517 0.104720478344828 -0.961713199827586 -0.953660207586207 -0.971940597413793
10 "SITTING" 0.270612056481481 -0.015042681852037 -0.104253238796296 -0.982901825925926 -0.917979529962963 -0.967826981666667 -0.0432432176851852 -0.0679993598888889 0.0745958869444444 -0.988873097222222 -0.984373304814815 -0.960445962037037
10 "STANDING" 0.276650300681818 -0.0155418603409091 -0.107964083931818 -0.978403481818182 -0.919561843409091 -0.941271440454545 -0.0281854325604545 -0.0876820486363636 0.103251560681818 -0.929895057954545 -0.958861164090909 -0.953681099545455
10 "WALKING" 0.278574076603774 -0.017022351190566 -0.109057512132075 -0.178709734396226 -0.0227431651698113 -0.395645072075472 0.0106894976215094 -0.0819540783760943 0.0986695731160377 -0.414205475283019 -0.250853318679245 -0.174524868603774
10 "WALKING_DOWNSTAIRS" 0.290401594315789 -0.0200050770710526 -0.110848597247368 0.295733547631579 0.00407915363157895 -0.183557562032895 -0.124839594289474 -0.106742538831579 0.0724433685578947 -0.304745377026316 -0.311407525263158 -0.0353021837
10 "WALKING_UPSTAIRS" 0.267121853404255 -0.0143854920340426 -0.118180420834043 -0.161591924234043 -0.00555287692765957 -0.0738744931340426 0.0733447168425532 -0.0954600216446809 0.0879664182957447 -0.308534708121277 0.0411724668680851 -0.320509332297872
11 "LAYING" 0.280592970877193 -0.0176598052315789 -0.108786578070175 -0.98477733 -0.972196873859649 -0.971311176842105 -0.0191743840136842 -0.041559989822807 0.152019015929825 -0.980836884561403 -0.982442644035088 -0.959897432807018
11 "SITTING" 0.276590197358491 -0.0149195616754717 -0.112840218339623 -0.982796562075472 -0.921402118113208 -0.968370181886792 -0.0399984915849057 -0.0755284478679245 0.0761739419056604 -0.988164911509434 -0.982249040188679 -0.95284431245283
11 "STANDING" 0.277715562765957 -0.0171990886595745 -0.108686630425532 -0.994978878723404 -0.964173331702128 -0.986382712765957 -0.0293141521489362 -0.0765465041914894 0.0810588216170213 -0.980242494680851 -0.994210471914894 -0.980636664893617
11 "WALKING" 0.271821892881356 -0.0166475833623729 -0.106096304033898 -0.422842071864407 -0.0522120750440678 -0.530626311355932 -0.0426928995457627 -0.0705104974254237 0.0843744495507542 -0.596346930847458 -0.499625287288136 -0.434178202542373
11 "WALKING_DOWNSTAIRS" 0.291605631956522 -0.0178097721219565 -0.111070149978261 0.142456557034783 0.0708122725543478 -0.324026938043478 -0.12506869905 -0.0262775345369565 0.057524457376087 -0.374069023580435 -0.495911719565217 -0.318959594782609
11 "WALKING_UPSTAIRS" 0.263775859277778 -0.0303157822055556 -0.106797216481481 -0.238802959018519 -0.103167501868519 -0.203369399185185 -0.0820909701727778 -0.0566928808703704 0.0638054379968518 -0.501331630185185 -0.28204453962963 -0.694658851666667
12 "LAYING" 0.260113433 -0.0175203917146667 -0.108160125666667 -0.95531868 -0.949072009333333 -0.9483338435 -0.0146546807316667 -0.0835537350333333 0.14519184795 -0.966090742 -0.953873893833333 -0.950157442166667
12 "SITTING" 0.275007224901961 -0.0157892988523529 -0.106307228960784 -0.982568781960784 -0.92858124 -0.939661889019608 -0.0424159182941176 -0.0751980398235294 0.0728462158235294 -0.974425351960784 -0.960497127647059 -0.951552533137255
12 "STANDING" 0.277405834918033 -0.0169002543196721 -0.105526999754098 -0.981243992459016 -0.923140254098361 -0.920684800114754 -0.0300030427426229 -0.0700083750360656 0.074256819 -0.883655251803279 -0.941469207540984 -0.950364757540984
12 "WALKING" 0.2771286656 -0.015560927606 -0.10316110632 -0.128898533096 -0.122783290008 -0.4106060626 -0.1045136708758 -0.03442910782 0.0999739123004 -0.5462634706 -0.4494013978 -0.35017028664
12 "WALKING_DOWNSTAIRS" 0.281521097391304 -0.018084266865793 -0.10955593226087 0.0424084916086956 0.11083534373913 -0.425017413478261 -0.112531564434783 -0.0427336692521739 0.0895434978391304 -0.362143061643478 -0.47628774326087 -0.337806681456522
12 "WALKING_UPSTAIRS" 0.272970338653846 -0.0263574903403846 -0.107339730115385 -0.290149192307692 -0.103818259823077 -0.436697425576923 -0.0931234101769231 -0.0411314519307692 0.0898022757730769 -0.526659296134615 -0.522949798269231 -0.349614606153846
13 "LAYING" 0.276716360483871 -0.020440454366129 -0.104331864532258 -0.968891989354839 -0.950947949516129 -0.950392995483871 -0.00973609968045161 -0.0966250701451613 0.117819614790323 -0.972143470322581 -0.96270462 -0.967350513709677
13 "SITTING" 0.274328499591837 -0.00587732936326531 -0.0972465110836735 -0.989546275306122 -0.938967741632653 -0.938641215510204 -0.0355124856836735 -0.0902687401836735 0.0823432026610204 -0.985844263265306 -0.979668456122449 -0.966896414285714
13 "STANDING" 0.277758431052632 -0.0167891993964912 -0.112124137754386 -0.991020759298246 -0.949422439473684 -0.967538031754386 -0.0295492164431579 -0.0753205243684211 0.085471246877193 -0.955577395789474 -0.971721755964912 -0.973436596140351
13 "WALKING" 0.275883130350877 -0.0185660651947368 -0.111431456192982 -0.346980394210526 0.141866689392982 -0.220503537026316 -0.0174207634701754 -0.0798472502663158 0.0784205641252632 -0.376059914210526 -0.290023550315789 -0.363369948070175
13 "WALKING_DOWNSTAIRS" 0.294907553404255 -0.0143723839108511 -0.101993941531915 -0.0681563626617021 -0.03212524665 -0.158333146191489 -0.122672201757447 -0.0237205719148936 0.111284239655957 -0.417014161553191 -0.198848161170213 -0.322774082765957
13 "WALKING_UPSTAIRS" 0.258203939581818 -0.0277392253910909 -0.125767265890909 -0.296284597454545 0.104470773801818 -0.217210568085455 -0.13829376226 0.00381966911090909 0.116679563256364 -0.541066687090909 -0.403572169636364 -0.211805111745455
14 "LAYING" 0.233275439803922 -0.0113424652490196 -0.0868333315509804 -0.917501887333333 -0.909697040980392 -0.900331921686275 0.00505221181607843 -0.153423807745098 0.149124058235294 -0.957221015098039 -0.932499780588235 -0.952296965294118
14 "SITTING" 0.279990577037037 -0.00870565463888889 -0.100401490425926 -0.976302248148148 -0.914935703907407 -0.922774835740741 -0.0440403326851852 -0.0713478280925926 0.0928523607037037 -0.980829981481481 -0.962048191666667 -0.952904383518518
14 "STANDING" 0.280545613833333 -0.01520781344 -0.103817701790667 -0.973268905 -0.928525725333333 -0.9222763115 -0.0220886526891667 -0.05581088271 0.07904758875 -0.9610917615 -0.9462806205 -0.946589134666667
14 "WALKING" 0.271959598644068 -0.0217785380966102 -0.106756369135593 -0.402639098135593 -0.0536126686650847 0.0518841040022034 -0.00347655062271186 -0.0829682847966102 0.0513222717627119 -0.60038822220339 -0.0148392604279661 -0.12609080020339
14 "WALKING_DOWNSTAIRS" 0.293422115555556 -0.0200141413657778 -0.0928330165533333 0.0178313402266667 0.378870491755556 0.451576075111111 -0.0147079653333333 -0.0945288409066667 0.0353344537555556 -0.354551638377778 0.0569902222622222 0.356198597177778
14 "WALKING_UPSTAIRS" 0.26242106612963 -0.0204388180024074 -0.112279688983333 -0.309396717592593 0.307195533 0.609017879074074 0.0813841685037037 -0.123499570044444 -0.0441381886666667 -0.454283337592593 0.476518714444444 0.564875818162963
15 "LAYING" 0.2894756525 -0.0166296542054167 -0.118530240291667 -0.972255551527778 -0.962759422361111 -0.929586835277778 -0.0168300887791667 -0.0619700871944444 0.113451899791667 -0.957167680694444 -0.961142911805556 -0.956537051666667
15 "SITTING" 0.27290337979661 -0.0117188472271186 -0.11366125320339 -0.987084356101695 -0.922407162881356 -0.949338025084746 -0.0377111130338983 -0.0803428762830509 0.0951978083898305 -0.988204115254237 -0.975321519491525 -0.963765802881356
15 "STANDING" 0.278915803962264 -0.0183516360396226 -0.105910832679245 -0.988949247358491 -0.931900148301887 -0.951670257924528 -0.0262433562254717 -0.0659637517169811 0.0761946738773585 -0.947790802075472 -0.971332584339623 -0.968167046415094
15 "WALKING" 0.273899207962963 -0.0170809740090741 -0.107621819518519 -0.327961801111111 0.138912923691296 -0.518932634814815 -0.0554883847662963 -0.06124278833 0.0842484921022222 -0.329624620185185 -0.420865007777778 -0.48653265537037
15 "WALKING_DOWNSTAIRS" 0.280198851190476 -0.00563047804309524 -0.110526066428571 0.406471051190476 0.186532377428571 -0.281982181666667 -0.136618653071429 -0.0346755727619048 0.0711758197607143 -0.318692525928571 -0.37320816 -0.250648085714286
15 "WALKING_UPSTAIRS" 0.270187595833333 -0.0287523860708333 -0.116952464895833 -0.0260971840270833 -0.00406536043541667 -0.379717488104167 0.0903340029875 -0.154721289270833 0.0911681484547917 -0.415251317916667 -0.3302332351 -0.477365945208333
16 "LAYING" 0.274227162571429 -0.0166103510562857 -0.107310493242857 -0.973691429428571 -0.943061150285714 -0.965490276285714 -0.0161545406857143 -0.113675060885714 0.0966210349428571 -0.977010769857143 -0.970747514 -0.984781484857143
16 "SITTING" 0.280768574492754 -0.0102497939956522 -0.0891404038405797 -0.986825605362319 -0.951607872463768 -0.939672247101449 -0.0412014042275362 -0.0574525433043478 0.0795736310463768 -0.981037373333333 -0.958336595507246 -0.960287831304348
16 "STANDING" 0.283497402948718 -0.0165999672935897 -0.103657729076923 -0.989076811794872 -0.960298267692308 -0.953468961666667 -0.0299337294166667 -0.068667733 0.0867342708846154 -0.973400107564103 -0.980110277307692 -0.982357006410256
16 "WALKING" 0.276023564509804 -0.0204286929452941 -0.108804049803922 -0.404692523921569 -0.314569762352941 -0.159799790235294 -0.0151721912792157 -0.0695955689607843 0.0818650735686274 -0.654171847058823 -0.612593634117647 -0.365489530588235
16 "WALKING_DOWNSTAIRS" 0.295586802191489 -0.0183898583787234 -0.119873705148936 0.207251997929787 -0.146993837655319 0.0114353944787234 -0.0225373369978723 -0.068264792706383 0.0835380057 -0.45418847106383 -0.528329304680851 -0.444636334893617
16 "WALKING_UPSTAIRS" 0.255986102627451 -0.0143654945011765 -0.124074517745098 -0.397083831568627 -0.163732745078431 -0.129283825721569 0.0718408878078431 -0.0486136789705882 -0.00779288021764706 -0.508087166666667 -0.58638289372549 -0.365025170078431
17 "LAYING" 0.269780085577465 -0.0168462006729577 -0.107006279704225 -0.972960567323944 -0.944792875211268 -0.953476700140845 -0.0234756467113239 -0.0944580192535211 0.111440490309859 -0.975893061830986 -0.971484336197183 -0.976200771267606
17 "SITTING" 0.2773570196875 -0.014156274084375 -0.11362408509375 -0.9944439053125 -0.96185862984375 -0.96572919578125 -0.042549159015625 -0.0669245931234375 0.0860053803375 -0.98963832578125 -0.98612868078125 -0.9797052259375
17 "STANDING" 0.277942503333333 -0.0174120064169231 -0.111432145565 -0.991163919871795 -0.968176663717949 -0.970462679230769 -0.0269576937130769 -0.0770632126371795 0.0880561869358974 -0.981373082948718 -0.985121164615385 -0.985538363333333
17 "WALKING" 0.272341855245902 -0.0184875403339344 -0.109792122032787 -0.31950017295082 -0.0175797885542623 -0.265824489180328 -0.00922265519180328 -0.0839773343770492 0.0757132656704918 -0.47981351295082 -0.454932903934426 -0.386044435409836
17 "WALKING_DOWNSTAIRS" 0.29391828326087 -0.0167359404347826 -0.0892432745173913 0.187719760269565 -0.0607892037384783 -0.231064156615217 0.0677728390673913 -0.123517195928261 0.0162878745776087 -0.370436868891304 -0.459281989565217 -0.468462984347826
17 "WALKING_UPSTAIRS" 0.252604768583333 -0.0228645614308333 -0.121290442104167 -0.062952754100625 -0.0131721014395833 -0.230220954239583 -0.0304250571395833 -0.0548455941370417 0.0560931358145833 -0.496562732729167 -0.493044125208333 -0.234402350714583
18 "LAYING" 0.274691576923077 -0.0173937684615385 -0.107698927907692 -0.984527649230769 -0.986160920923077 -0.987658662307692 -0.02517618068 -0.0837587308153846 0.0937781948153846 -0.992872598 -0.984202872923077 -0.985108386307692
18 "SITTING" 0.27727001877193 -0.0128691279736842 -0.111904775824561 -0.994347988596491 -0.974928131052632 -0.977572717017544 -0.0333057034385965 -0.0685796341105263 0.0848140511754386 -0.991956958947368 -0.986753343859649 -0.981525495438596
18 "STANDING" 0.278458805890411 -0.0166353518150685 -0.108453355945205 -0.992019762739726 -0.95422343630137 -0.961873909178082 -0.0265873248835616 -0.0732260127945206 0.0843190675616438 -0.962254249589041 -0.980417134246575 -0.972820402739726
18 "WALKING" 0.273887758571429 -0.0178023631866071 -0.104218315464286 -0.37600552125 -0.227005874892857 -0.428348061071429 -0.0399399716026786 -0.0613727362975 0.0944718394625 -0.7044397775 -0.496431539642857 -0.511417204821429
18 "WALKING_DOWNSTAIRS" 0.288439468909091 -0.0168666920221818 -0.1033908092 -0.302634565090909 -0.254214045818182 -0.418610127454545 -0.0576548655654545 -0.0636214336761818 0.0987471683127273 -0.502473033509091 -0.617230786 -0.483658260727273
18 "WALKING_UPSTAIRS" 0.265401201896552 -0.0222060684378914 -0.112655891327586 -0.380168286724138 -0.211155120224138 -0.31437339137931 -0.0470683915017241 -0.0526133819862069 0.0906736478431034 -0.593841504137931 -0.507297003103448 -0.433922212068966
19 "LAYING" 0.272653733493976 -0.0171426864421687 -0.10898146186747 -0.965019579518072 -0.973449968554217 -0.984672837228916 -0.0312072730559566 -0.0952628014096386 0.10860511373494 -0.981357611445783 -0.963617705662651 -0.973197523855422
19 "SITTING" 0.273830316164384 -0.016739260030137 -0.10870765430137 -0.976357663013699 -0.950388943972603 -0.951929615068493 -0.0214151280054795 -0.0520207886438356 0.0968980718168493 -0.984625306849315 -0.959758309589041 -0.96559497630137
19 "STANDING" 0.27817226 -0.0154244056945205 -0.10904190460274 -0.989910996849315 -0.944430270684931 -0.952599653972603 -0.025090574020274 -0.0631429827260274 0.0710520180136986 -0.946109711917808 -0.96957632369863 -0.960734258356164
19 "WALKING" 0.273931172307692 -0.0191773587903846 -0.122736673192308 -0.0489049407963462 0.181801561185577 -0.13947794235 -0.0274970979894231 -0.0751569333730769 0.0798106981923077 -0.0264357957923077 -0.114406108840577 -0.104202986482692
19 "WALKING_DOWNSTAIRS" 0.262688053871795 -0.0145942275069487 -0.133695240660974 0.626917070512821 0.514816445641026 0.049322451025641 -0.205775427307692 0.0274707556666667 0.163962510807692 0.267657219333333 0.0483147743589744 -0.0314083457948718
19 "WALKING_UPSTAIRS" 0.242118808925 -0.0303986615775 -0.151054607725 -0.1287420952375 0.176349922525 -0.1904685504575 0.0388537087875 -0.134514320575 -0.000233248224999999 -0.4068000325 -0.17263322355 -0.110117174875
20 "LAYING" 0.239507882205882 -0.0144406281132353 -0.104274322538235 -0.962249114705882 -0.964098180294118 -0.972571998382353 -0.0231760616308824 -0.0954899626029412 0.123680209926471 -0.984477414264706 -0.972941910294118 -0.972409893529412
20 "SITTING" 0.278045439090909 -0.0147229305131818 -0.108369634515152 -0.983081858939394 -0.93612270469697 -0.929106396818182 -0.036405928969697 -0.0650689347121212 0.0642882138333333 -0.976309017121212 -0.960104508636364 -0.945771803484848
20 "STANDING" 0.278076904657534 -0.0180695049161644 -0.100402759931507 -0.967209961232877 -0.87541041109589 -0.913142481643836 -0.0241335049573973 -0.0698308923617808 0.0773671448739726 -0.886749172739726 -0.903913940684931 -0.907343324657534
20 "WALKING" 0.272589336470588 -0.021199992245098 -0.113539477098039 -0.208342792019608 0.489771808627451 -0.228734217372549 -0.0234104225980392 -0.074105054612549 0.0851359929294118 -0.23294061427451 0.0858321519372549 -0.165748467372549
20 "WALKING_DOWNSTAIRS" 0.296144421355556 -0.00964120773155556 -0.104602925937778 0.0745098785288889 0.616937015333333 -0.160938536488889 -0.111367747557778 0.0139023395111111 0.103900480541333 -0.204939567711111 -0.146794177311111 0.159723529622222
20 "WALKING_UPSTAIRS" 0.252098317156863 -0.0282258047588235 -0.121023947784314 -0.116088676011765 0.15219632835098 -0.229249455098039 0.0659193258862745 -0.174650964745098 0.058701941845098 -0.492701193921569 -0.104722161186078 0.184119332796078
21 "LAYING" 0.271325472455556 -0.0184233048415556 -0.103253832233333 -0.955019866222222 -0.956959422222222 -0.945653787777778 -0.0305126188777778 -0.113800486377778 0.0980906517 -0.975411857555556 -0.952147091444444 -0.981345430888889
21 "SITTING" 0.277539616823529 -0.0144009705494118 -0.112057887741176 -0.991777287176471 -0.966877560941176 -0.959567861764706 -0.0198712820612471 -0.0653077503317647 0.0831326042823529 -0.988410501294118 -0.976380487294118 -0.976972658588235
21 "STANDING" 0.27695224258427 -0.0167084730205618 -0.110417855808989 -0.981419961123596 -0.943601625393258 -0.946123407078652 -0.0191731896359551 -0.0738115865407865 0.0864863265393258 -0.962514526067416 -0.955979192696629 -0.959327022022472
21 "WALKING" 0.279183526730769 -0.0181610317526923 -0.104319332403846 -0.297814843538462 0.0540880509209615 -0.16868872575 -0.0459323393842308 -0.0590294439942308 0.0983715930038462 -0.432232883846154 -0.397892316730769 -0.311875599423077
21 "WALKING_DOWNSTAIRS" 0.3014610196 -0.0173195390157778 -0.09816866218 0.224343492244444 0.301336399711111 -0.0717893558666667 -0.126388023595556 0.0162145300888889 0.148610020955556 -0.442148617666667 -0.353733478222222 -0.349759493777778
21 "WALKING_UPSTAIRS" 0.265194544680851 -0.0237218695148936 -0.125414265340426 -0.240808282276596 0.109787469104255 -0.219707928574468 0.062608688893617 -0.155622431382979 -0.00546829763829787 -0.53190941893617 -0.463136841489362 0.0517155421740426
22 "LAYING" 0.279959721194444 -0.0142629864502778 -0.110800924652778 -0.947735251944444 -0.913276301666667 -0.942945807916667 -0.0208311371125 -0.09257231175 0.145003879319444 -0.956641905833333 -0.9618849625 -0.933251870694444
22 "SITTING" 0.273583822709677 -0.0123468446419355 -0.105827369516129 -0.978466823709677 -0.928059133795645 -0.917564853870968 -0.0360430675032258 -0.0793617444354839 0.0804426775241936 -0.981099172419355 -0.950173478548387 -0.946501417741936
22 "STANDING" 0.279053861587302 -0.0158563207496825 -0.104967423820635 -0.985000527142857 -0.922693288412698 -0.942201655238095 -0.0275201762126984 -0.0690067688269841 0.0733466563174603 -0.917837043333333 -0.964714672857143 -0.96058251031746
22 "WALKING" 0.27886459 -0.0167213607957174 -0.107112510934783 -0.00865921919565217 0.100384246321739 -0.213351968804348 0.0007771571 -0.0960880731804348 0.0775266594847826 -0.318537865869565 -0.486322106521739 -0.151439515130435
22 "WALKING_DOWNSTAIRS" 0.284458963861111 -0.0197999371686389 -0.1074157796 0.348618168333333 0.239812250944444 -0.325722718055556 -0.0779611213138889 -0.0697154455833333 0.0500708760555556 -0.237349190997222 -0.550303216666667 -0.280417950555556
22 "WALKING_UPSTAIRS" 0.248391534566667 -0.0268622561133333 -0.117550861738095 0.0835738640921429 0.250067523738095 -0.109613216345238 0.13497880785381 -0.181458414495238 0.0157359244619048 -0.301491709628571 -0.489417908809524 -0.157758060642857
23 "LAYING" 0.274038007986111 -0.0216553835833333 -0.104256776291667 -0.956756363194444 -0.976309827361111 -0.973223495416667 -0.0113399724663889 -0.105052917 0.111078594708333 -0.981849400972222 -0.959195236388889 -0.983920132638889
23 "SITTING" 0.273351251617647 -0.0133945015676471 -0.103808679294118 -0.987607636617647 -0.934933559264706 -0.905584390323529 -0.0472583464367647 -0.0684325551029412 0.0645673209117647 -0.980363734264706 -0.948109526029412 -0.9597186325
23 "STANDING" 0.277899323235294 -0.0177475547867647 -0.1105970177575 -0.985421519558824 -0.9584444925 -0.929409745147059 -0.0327397745133823 -0.0652264793213235 0.0816888999117647 -0.942011240294118 -0.948074760882353 -0.962389689411765
23 "WALKING" 0.273211884237288 -0.0183618711932203 -0.113382994084746 -0.313521773389831 -0.119020586510678 0.164220685383051 -0.0631156870355932 -0.0640197920966102 0.10770045065339 -0.494322648644068 0.25945722920339 -0.209634887972881
23 "WALKING_DOWNSTAIRS" 0.289897411148148 -0.0162111457238889 -0.0988123712574074 0.0441392843425926 0.10825903416963 0.229898742944444 -0.0578230190203704 -0.0853077464277778 0.0953602497222222 -0.416133032777778 0.213825552277778 -0.208702488240741
23 "WALKING_UPSTAIRS" 0.249995171031373 -0.0323844029237255 -0.126890616782353 -0.243887818513725 0.0448435785868627 0.10080118935098 0.0957940245941176 -0.111564389137255 -0.0325557522333333 -0.550664576666667 -0.293681861176471 -0.0317301153392157
24 "LAYING" 0.272850494930556 -0.0173555210111111 -0.107236237236111 -0.967984021111111 -0.983126461944444 -0.973566958888889 -0.0143679929444444 -0.0955538053611111 0.111730746333333 -0.982651720138889 -0.960299550972222 -0.98170136125
24 "SITTING" 0.273475690147059 -0.0131255097938235 -0.103041061426471 -0.990593766617647 -0.956255962058824 -0.957056111470588 -0.0356229619955882 -0.0750132697044118 0.0800440230882353 -0.988111648676471 -0.977954005147059 -0.971277654117647
24 "STANDING" 0.280348883913043 -0.0144785340348986 -0.108222553855072 -0.98725587115942 -0.936871974347826 -0.930283530144928 -0.0278611511434783 -0.0692546674492754 0.077124614942029 -0.960738660289855 -0.967298518695652 -0.969958678115942
24 "WALKING" 0.276980816034483 -0.0225446400534483 -0.110595952913793 -0.47076236637931 -0.154127498163793 -0.288840016206897 -0.0545126870724138 -0.0658435879913793 0.0972006320344828 -0.580597373275862 -0.487166280172414 -0.396154003275862
24 "WALKING_DOWNSTAIRS" 0.288631208909091 -0.0145730348310909 -0.104818820272727 -0.08273248054 -0.102607326783636 -0.205566380745455 -0.0867069010690909 -0.0542300245127273 0.111973650603636 -0.431919067945455 -0.484673524 -0.491077244909091
24 "WALKING_UPSTAIRS" 0.269881106779661 -0.0251979434569492 -0.114248610966102 -0.344399351355932 -0.116804488966102 -0.255601012881356 0.0883163772152542 -0.105932947294915 0.0248290702830508 -0.577426408813559 -0.568534124576271 -0.27459628379661
25 "LAYING" 0.250791828613699 -0.0188943663671233 -0.100428830260274 -0.909116474109589 -0.691770680561644 -0.717262004013699 0.00372723459589041 -0.0716401726150685 0.139718671465753 -0.889769639726027 -0.936630803287671 -0.91092799
25 "SITTING" 0.278541482461538 -0.0147696808030769 -0.109160440476923 -0.991892828615385 -0.947457617061538 -0.965139552153846 -0.0352052091230769 -0.0748002714615385 0.0852783892769231 -0.989907584153846 -0.981193501846154 -0.972637558615385
25 "STANDING" 0.278013701621622 -0.0163569730274324 -0.107352957594595 -0.991970126756757 -0.954569225945946 -0.964642688108108 -0.0247946750959459 -0.0698876853378378 0.0852685438243243 -0.971357421216216 -0.976757621081081 -0.971814139189189
25 "WALKING" 0.278992759054054 -0.0186477624716216 -0.108737636297297 -0.596007443513514 -0.161852411581081 -0.437133403243243 -0.0156305378067568 -0.0820768065347297 0.0867868736891892 -0.401158753783784 -0.604032097432432 -0.562775245405405
25 "WALKING_DOWNSTAIRS" 0.291329666206897 -0.0210170522987931 -0.107192376965517 -0.253756934258621 -0.14054060387069 -0.457972381896552 0.00299112856551724 -0.101115076366897 0.0980750249310345 -0.288824754586207 -0.523377914655172 -0.443780454482759
25 "WALKING_UPSTAIRS" 0.277995411384615 -0.0269863524264615 -0.126210440292308 -0.459775646153846 -0.223086808769231 -0.296523975076923 0.0556121923307692 -0.109437658104615 0.0996227385527692 -0.489011794784615 -0.433673383846154 -0.564195608923077
26 "LAYING" 0.271645864540789 -0.0191895728026316 -0.105002540289474 -0.969445445263158 -0.983231351842105 -0.984500013157895 -0.0170656239526316 -0.0903229228815789 0.152436344328947 -0.990328197763158 -0.979325678815789 -0.969302237763158
26 "SITTING" 0.258243530166667 -0.00713364541358974 -0.0974448692333333 -0.979768987948718 -0.94079896551282 -0.950004414102564 -0.0370217449628205 -0.0840648503320513 0.0711109471666667 -0.991027700512821 -0.973444813846154 -0.966441338076923
26 "STANDING" 0.281127035405405 -0.0166608306652703 -0.110237796416216 -0.993069368783784 -0.949466155405405 -0.962988401351351 -0.0245345837959459 -0.0731385762635135 0.0776706781351351 -0.973785111216216 -0.982408142702703 -0.974891360675676
26 "WALKING" 0.279264443728814 -0.0154259586949153 -0.108927011474576 -0.340185527559322 -0.136351391645763 -0.333486502542373 -0.00334085938813559 -0.0841507651508475 0.0851069247830508 -0.492885711355932 -0.57573544779661 -0.354549059491525
26 "WALKING_DOWNSTAIRS" 0.2792845828 -0.01262580966778 -0.1064396194 0.17395384962 -0.011629910112 -0.284807676 -0.010752208236 -0.1003822042168 0.082221399603 -0.33131291446 -0.4734080504 -0.3320502392
26 "WALKING_UPSTAIRS" 0.272691394545455 -0.0281633797398182 -0.121943461236364 -0.169006952418182 -0.0491726302763636 -0.404596936545455 -0.0247950825654545 -0.0657601804418182 0.0721458973490909 -0.550274396 -0.603097110545455 -0.3090880546
27 "LAYING" 0.274102492432432 -0.0179867611216216 -0.107699732837838 -0.978455153108108 -0.983736043783784 -0.986636996081081 -0.0195427328781081 -0.0957839566891892 0.118738360783784 -0.988837212162162 -0.98428747527027 -0.97837499972973
27 "SITTING" 0.273941302571429 -0.0155269799285714 -0.105521912588571 -0.988580107714286 -0.971579125714286 -0.965858735142857 -0.0371830822285714 -0.0797345645214286 0.0833752812157143 -0.988492425142857 -0.982067465142857 -0.975713310142857
27 "STANDING" 0.279566921625 -0.016593236445 -0.107835818025 -0.9919515835 -0.955171419 -0.962408444875 -0.026731653905 -0.067507120075 0.07168414632375 -0.9699020075 -0.982498991125 -0.981281807
27 "WALKING" 0.276849485438596 -0.0166478783221912 -0.112822289263158 -0.348475560526316 -0.187301214964912 -0.297318273508772 -0.08558835714 -0.0365348163649123 0.118267750196491 -0.606860248596491 -0.529865057894737 -0.250120409298246
27 "WALKING_DOWNSTAIRS" 0.2975441875 -0.0135564467159091 -0.112837694688636 0.167407531090909 -0.0979710029522727 -0.240040783340909 -0.159826551905227 -0.0163131590545455 0.152695027609091 -0.363722908386364 -0.481813367954545 -0.257846157386364
27 "WALKING_UPSTAIRS" 0.265770253921569 -0.0200953324078431 -0.123530438196078 -0.295439547254902 -0.0950104077 -0.23070787672549 -0.0940344886803922 0.00212499391686275 0.140129855776471 -0.562461004705882 -0.587966800588235 -0.169960785215686
28 "LAYING" 0.2759134825 -0.0167537858225 -0.1083448529625 -0.9688882955 -0.945386780375 -0.956450342875 -0.017367705735 -0.097448733725 0.09357912315 -0.95516227975 -0.960057463625 -0.96237491175
28 "SITTING" 0.276977629444444 -0.0185404441258333 -0.111517939555556 -0.983272806805556 -0.939905244861111 -0.936667245694444 -0.0339018030166667 -0.0673943850555556 0.087025401375 -0.979671983472222 -0.956316505972222 -0.9566328025
28 "STANDING" 0.277795069113924 -0.0172635124672152 -0.106579385202532 -0.977748638607595 -0.875689216835443 -0.905123824177215 -0.0253281543540506 -0.0739001646962025 0.0865173111012658 -0.884032232405063 -0.940006320126582 -0.925491442911392
28 "WALKING" 0.281228223888889 -0.0156759722981481 -0.103714705396296 -0.293003522222222 -0.117886186425926 -0.300928395925926 -0.105896207861111 -0.0172822168012963 0.116065910925926 -0.503798624074074 -0.497684006666667 -0.242601384618519
28 "WALKING_DOWNSTAIRS" 0.293642076521739 -0.0220230465913043 -0.10858897408913 0.125712887943478 0.156496646504348 -0.341031811521739 -0.141096309502174 0.00710564286763044 0.138622425584783 -0.268106330991304 -0.259368686847826 -0.307025006304348
28 "WALKING_UPSTAIRS" 0.262005841764706 -0.0279443943478431 -0.121514025692157 -0.242062430294118 -0.146753877035294 -0.28598691372549 -0.129362970764706 0.0212250958019608 0.103720987705882 -0.518818227843137 -0.479319521372549 -0.189306812833333
29 "LAYING" 0.287295196811594 -0.0171965484202899 -0.109462068173913 -0.984219555507246 -0.990240946666667 -0.987255149855072 -0.0258281004782609 -0.0761814357028986 0.127411971652174 -0.994276591304348 -0.992750957826087 -0.97499461942029
29 "SITTING" 0.2771799775 -0.016630680375 -0.1104118192 -0.9907450195 -0.963222497833333 -0.968063878166667 -0.0379271112333333 -0.0755797672133333 0.0580495969166667 -0.990178704833333 -0.988334019666667 -0.971227991666667
29 "STANDING" 0.277965065846154 -0.0172605869061538 -0.108659067476923 -0.996068635384615 -0.969295721076923 -0.980207488923077 -0.0276075573307692 -0.0721060679123077 0.0827583768461538 -0.977994819846154 -0.990364876307692 -0.983368643230769
29 "WALKING" 0.271999916792453 -0.0162915600588679 -0.106632427301887 -0.174337940226415 -0.0917540612869811 -0.242828038264151 -0.00795668167188679 -0.081960153154717 0.0856852236188679 -0.598868670943396 -0.181802636566038 -0.430232441132075
29 "WALKING_DOWNSTAIRS" 0.293140441083333 -0.01494121505625 -0.0981339984895833 0.167383602458333 -0.12246346700625 -0.223177999879167 -0.0374126070957292 -0.0851045889895833 0.0822244074666667 -0.282077257508333 -0.390460137708333 -0.311122615416667
29 "WALKING_UPSTAIRS" 0.265423066877551 -0.0299465312326531 -0.118000587840816 -0.0867715569693878 -0.122128287642857 0.0995443502346939 0.0931989463020408 -0.152328112210204 0.0854318123467347 -0.323904731622449 0.0461103045102041 -0.37481514122449
30 "LAYING" 0.281033900571429 -0.0194494098614286 -0.1036581505 -0.976362515428571 -0.954201823857143 -0.967044236428571 -0.0267812218571429 -0.0761476351714286 0.0938472163142857 -0.973662822428571 -0.966041673 -0.968889156142857
30 "SITTING" 0.268336081379032 -0.00804731295322581 -0.099515446133871 -0.983622744193548 -0.937857000806452 -0.950654041290323 -0.0358426482048387 -0.074353558416129 0.0702002598387097 -0.988132669516129 -0.976477561935484 -0.955053200806452
30 "STANDING" 0.277112699152542 -0.0170163887813559 -0.108756209835593 -0.977559426949153 -0.891654527118644 -0.912850596949152 -0.027613853538983 -0.0670334379830509 0.0802514754237288 -0.911408517966102 -0.94070541220339 -0.93083468440678
30 "WALKING" 0.276406758 -0.0175880385730769 -0.0986247068969231 -0.346394275230769 -0.173550021692308 -0.120476783907692 -0.0459505355861538 -0.0649170927338462 0.0839568239261538 -0.387920593846154 0.00600277892 -0.182569652430769
30 "WALKING_DOWNSTAIRS" 0.283190646967742 -0.0174383900204839 -0.0999781422322581 -0.0577703163548387 -0.0272628077709677 -0.217275690290323 -0.0745591301759677 -0.0693112411951613 0.0895767797064516 -0.265923160895161 -0.285392416354839 -0.29537036283871
30 "WALKING_UPSTAIRS" 0.271415642261538 -0.0253311698786154 -0.124697493775385 -0.350504475230769 -0.127311157607692 0.0249468034966154 -0.00355974576923077 -0.0779606464676923 0.0814699303289231 -0.493837520761538 -0.0840481513184615 -0.211573579892308
